filename,label,c,mosgroup,CI,std,dcec_prediction
2a/0102WhyWasIBorn_sample_aache320_ln_C2.wav,3.82353,2,Q8,0.251277703804109,0.528594139870924,1
0a/0204StellaByStarlight_sample_aache320_ln_C0.wav,3.88235,0,Q9,0.440915216763611,0.927520413601263,2
4a/0102Madrigal_sample_aache320_ln_C4.wav,3.35294,4,Q2,0.649649359776056,1.36661884182223,2
3a/ALeftfieldInspectionCheckOne_aache320_ln_C3.wav,4,3,Q11,0.411682344704235,0.866025403784439,1
4a/1702RhapsodyInBlue_sample_aache320_ln_C4.wav,3.76471,4,Q7,0.429460915801068,0.903424856082804,2
3a/0701ConcertogrossoOp6No10Dmajor_sample_aache320_ln_C3.wav,3.29412,3,Q2,0.576470588235294,1.21267812518167,1
2a/0101Side1FascinationYouTellMeYourDreamToylandILoveYouTrulyMoonbeamsIdaSweetAsAppleCiderWaitTillTheSunShinesNellieMeetMeInStLouisLouisInOldNewYorkMyGalSalChiriBiriBimDark_aache320_ln_C2.wav,3.47059,2,Q3,0.653474609869385,1.3746657347708,1
3a/SpeakingOfTheEnd_aache320_ln_C3.wav,3.76471,3,Q7,0.461176470588235,0.970142500145332,1
1a/A2SoulKitchen_aache320_ln_C1.wav,3.88235,1,Q9,0.371365198593842,0.781213234429025,1
0a/0201VillaCapri_aache320_ln_C0.wav,3.41176,0,Q2,0.446532197562738,0.939336436627724,4
0a/0106SixSongsOp68AfterClemensBrentanoLiedDerFrauen_aache320_ln_C0.wav,3.58824,0,Q4,0.378017044342115,0.795206225564457,2
3a/SanFilipe_aache320_ln_C3.wav,4.35294,3,Q15,0.373595640261159,0.785905247993376,4
4a/NuclearCity_aache320_ln_C4.wav,3.94118,4,Q11,0.355360336641741,0.785905247993376,8
2a/02TheUnbirthdaySongAliceInWonderland_aache320_ln_C2.wav,4.23529,2,Q15,0.357690593325619,0.752446988556825,1
1a/0205ForgettingYou_aache320_ln_C1.wav,3.88235,1,Q9,0.331157140800427,0.696630546019236,4
0a/0201ConcertoNr4Gdur_sample_aache320_ln_C0.wav,4.05882,0,Q12,0.427522030432573,0.899346167730627,4
4a/0302Concerto6inGminor_aache320_ln_C4.wav,3.82353,4,Q8,0.345882352941176,0.727606875108999,4
1a/AMoogwaiViola2005TektonikRemix_aache320_ln_C1.wav,4.47059,1,Q15,0.341044599261037,0.717430053979439,1
1a/0625_aache320_ln_C1.wav,3.41176,1,Q2,0.413695473309388,0.870260272089029,1
2a/0201LoveMeOrLeaveMe_aache320_ln_C2.wav,3.58824,2,Q4,0.338599803587686,0.712287119900726,4
0a/03PrayerMeetin_aache320_ln_C0.wav,4.38462,0,Q15,0.353585188048228,0.650443635587991,7
2a/02MakotoSkyward_aache320_ln_C2.wav,3.84615,2,Q9,0.536591624973881,0.987096233585649,1
4a/0102YouTookAdvantageOfMe_aache320_ln_C4.wav,3.69231,4,Q6,0.408285007002217,0.751067616198811,8
1a/05ItsOnlyaPaperMoon_aache320_ln_C1.wav,4.23077,1,Q14,0.452307692307692,0.832050294337844,1
3a/02TheOldDopePeddler_aache320_ln_C3.wav,3.61538,3,Q5,0.353585188048228,0.650443635587991,5
3a/AaArtOfTranceOctopusCapricornRemix_aache320_ln_C3.wav,4.38462,3,Q15,0.472784358148263,0.869718492622904,1
4a/0205BasinStreetBlues_aache320_ln_C4.wav,3.53846,4,Q4,0.525894372967365,0.967417922046845,1
1a/0106PoorWoman_aache320_ln_C1.wav,3.69231,1,Q6,0.408285007002217,0.751067616198811,7
0a/0103MusicMakers_aache320_ln_C0.wav,3.61538,0,Q5,0.275265695566699,0.506369683541833,1
4a/ImJustALuckySoAndSo_aache320_ln_C4.wav,3.07692,4,Q1,0.564126806005917,1.03774904332554,1
0a/0101No1InGMajorATempoGiustoAllegroAdagioAllegroAllegro_sample_aache320_ln_C0.wav,3.92308,0,Q10,0.348186623880513,0.640512615220348,1
3a/HatevolBlackAsteroidMix_aache320_ln_C3.wav,3.84615,3,Q9,0.536591624973881,0.987096233585649,7
0a/0304SonataNo4InAMinorOp23lPresto_sample_aache320_ln_C0.wav,3.76923,0,Q7,0.452307692307692,0.832050294337844,8
2a/0204TheMaharajah_aache320_ln_C2.wav,4.23077,2,Q14,0.39412049739823,0.725011052081984,1
3a/02ViceVersaStillDoingIt_aache320_ln_C3.wav,4.15385,3,Q13,0.4885481449569,0.898717034272917,1
4a/09IveHeardThatSongBefore_aache320_ln_C4.wav,3.30769,4,Q2,0.464701978685354,0.85485041426511,5
2a/0205DontBeThatWay_aache320_ln_C2.wav,3.61538,2,Q5,0.472784358148263,0.869718492622904,1
1a/0201FunksOats_aache320_ln_C1.wav,3.76923,1,Q7,0.3256987633046,0.599144689515278,1
1a/A2PoorJenny_aache320_ln_C1.wav,4.23077,1,Q14,0.39412049739823,0.725011052081984,1
2a/07NecesitamosUnPoquitodeNavidad_aache320_ln_C2.wav,3.69231,2,Q6,0.408285007002217,0.751067616198811,7
3a/0201GrandCentralBoogie_sample_aache320_ln_C3.wav,3.5,3,Q3,0.381464482639146,0.674199862463242,4
4a/ExpansiveHorizons_aache320_ln_C4.wav,4,4,Q11,0.539472244911917,0.953462589245592,2
0a/0303ConcertoNo9InAMajor_sample_aache320_ln_C0.wav,4.41667,0,Q15,0.291348311105176,0.514928650544437,4
4a/02WhiteChristmas_aache320_ln_C4.wav,4.16667,4,Q14,0.406099952865266,0.717740562565273,7
3a/AArtOfTranceFeatNatachaAtlasPersia_aache320_ln_C3.wav,3.66667,3,Q5,0.653333333333333,1.15470053837925,7
2a/0201AfricanDance_aache320_ln_C2.wav,4.08333,2,Q13,0.563655995096372,0.996204919895622,4
1a/0205OhCalcutta_sample_aache320_ln_C1.wav,3.75,1,Q7,0.687694875961892,1.21543108701099,1
0a/0201Greensleeves_aache320_ln_C0.wav,3.66667,0,Q5,0.737059404428548,1.30267789455786,2
3a/0901SymphonieNr3DmollEinSommermorgentraumZweiteAbteilungNr4OMenschGibAchtAltsoloAusNietzschesAlsoSprachZarathustraSehrLangsamMisterioso_aache320_ln_C3.wav,3.41667,3,Q3,0.65887798720264,1.16450015288132,2
0a/0201TheSongFromMoulinRougeWhereIsYourHeart_aache320_ln_C0.wav,3.66667,0,Q5,0.775540215761005,1.37068883368468,4
1a/0107IfYouHaventGotASweetheart_aache320_ln_C1.wav,3.83333,1,Q8,0.582696622210352,1.02985730108887,4
4a/2701SymphonieNr9Ddur4AdagioSehrLangsamUndNochZurückhaltend_aache320_ln_C4.wav,3.16667,4,Q1,0.79408164351385,1.40345893053447,4
4a/B2AllMyTrials_aache320_ln_C4.wav,4,4,Q11,0.638312168333351,1.12815214963553,4
2a/01LTJBukemSwitch_aache320_ln_C2.wav,4.08333,2,Q13,0.44866018276192,0.792961461098759,1
1a/02MotiveOneLoopProgression_aache320_ln_C1.wav,3.83333,1,Q8,0.582696622210352,1.02985730108887,1
1a/04AmorphisTheGoldenElk_aache320_ln_C1.wav,3.66667,1,Q5,0.557164538742662,0.984731927834662,1
2a/0101Side1BeMineTonightNochaDeRondaGoodbyeMariquitaLindaAdiosMariquitaLindaComeCloserToMeAcertateMasWatermelonHeartCorazonDeMelonMadeForEachOtherTuFelicidad_aache320_ln_C2.wav,3.91667,2,Q10,0.563655995096372,0.996204919895622,4
0a/03LittleAprilShowerBambi_aache320_ln_C0.wav,3.83333,0,Q8,0.582696622210352,1.02985730108887,4
2a/01AlaskaNucleusPlanet3Cubed_aache320_ln_C2.wav,4.16667,2,Q14,0.582696622210352,1.02985730108887,1
3a/0201Nr12EnLaMineurModeratoVivacePresto_aache320_ln_C3.wav,4.16667,3,Q14,0.530404838712179,0.937436866561092,1
2a/ateebeebrainwavessour_aache320_ln_C2.wav,4.11111,2,Q13,0.38452717384072,0.83235236379573,1
1a/04TheGirlsGoCrazyAbouttheWayIWalk_aache320_ln_C1.wav,3.94444,1,Q11,0.403122525438127,0.872604096080652,1
1a/0102MrJellyLord_aache320_ln_C1.wav,3.72222,1,Q6,0.41337303906555,0.894792486988599,4
4a/0102WithoutPity_sample_aache320_ln_C4.wav,3.11111,4,Q1,0.498292217830096,1.07860961093922,8
2a/b1_suicide_commandosevered_head_aache320_ln_C2.wav,3.5,2,Q3,0.481926959996265,1.04318516770401,1
4a/0204IntermezzoInBMinorOp119No1_sample_aache320_ln_C4.wav,3.5,4,Q3,0.326666666666667,0.707106781186548,8
2a/0104AlexandersRagtimeBand_sample_aache320_ln_C2.wav,3.83333,2,Q8,0.285661713183767,0.618346942400842,1
1a/0205HalfLoved_aache320_ln_C1.wav,3.88889,1,Q10,0.415896193964261,0.900254139862666,1
0a/01LoveThemeFromRomeoandJuliet_aache320_ln_C0.wav,3.77778,0,Q7,0.489822044664551,1.06027496741928,4
3a/0204EineKleineNachtMusicRomance_aache320_ln_C3.wav,3.83333,3,Q8,0.396141520892677,0.857492925712544,2
3a/0502Nr10Ddur_sample_aache320_ln_C3.wav,3.61111,3,Q5,0.322368233765187,0.697802339187225,4
2a/AEverythingSheWantsRemix_aache320_ln_C2.wav,4.11111,2,Q13,0.415896193964261,0.900254139862666,1
1a/A1BackToTheWorld_aache320_ln_C1.wav,3.44444,1,Q3,0.425839339498635,0.921777197924954,1
0a/0202ShadowsOnTheSand_aache320_ln_C0.wav,4.22222,0,Q14,0.298788646114949,0.646761666763554,4
4a/0204MusicUntilMidnightLullabyForAdultsOnly_sample_aache320_ln_C4.wav,3.83333,4,Q8,0.326666666666667,0.707106781186548,2
4a/FallingDown_aache320_ln_C4.wav,3.5,4,Q3,0.396141520892677,0.857492925712544,4
0a/0208Andante_sample_aache320_ln_C0.wav,4.05556,0,Q12,0.335098160322556,0.725357698552702,4
0a/0204DancingOnTheCeilingFlowersForMadameTooMarvelousForWordsDancingInTheDark_aache320_ln_C0.wav,3.72222,0,Q6,0.265411534222204,0.574513149960142,4
3a/0202BaliHai_aache320_ln_C3.wav,3.72222,3,Q6,0.347361880410382,0.751903901522118,4
3a/02AquariusAquatic_aache320_ln_C3.wav,3.77778,3,Q7,0.489822044664551,1.06027496741928,7
1a/1606AfterTheBall_sample_aache320_ln_C1.wav,3.8,1,Q8,0.436177333967122,0.861891607371335,4
2a/0105NocheDeRonda_aache320_ln_C2.wav,3.93333,2,Q10,0.404252946117211,0.79880863671798,7
1a/01Hippocampus_aache320_ln_C1.wav,3.53333,1,Q4,0.376122911352718,0.743223352957206,1
4a/04023EtudesDeConcert2LaLegierezzaACapriccioQuasiAllegretto_sample_aache320_ln_C4.wav,3.73333,4,Q7,0.404252946117211,0.79880863671798,3
2a/01leftfieldrelease_the_pressure_the_vocal_editufx_aache320_ln_C2.wav,3.73333,2,Q7,0.404252946117211,0.79880863671798,1
3a/TheFirstGirlsStory_aache320_ln_C3.wav,3.73333,3,Q7,0.356137301862326,0.703731550548997,4
1a/02SynchronicityFootPrints_aache320_ln_C1.wav,3.53333,1,Q4,0.737510527231834,1.4573295865416,1
4a/0502No10InDMinorOuvertureAllegroAirLentementAllegroAllegroAllegroModerato_sample_aache320_ln_C4.wav,3.53333,4,Q4,0.323854562694086,0.639940473422184,2
0a/0301ConcertoNr7Adur_sample_aache320_ln_C0.wav,3.73333,0,Q7,0.556567256592688,1.09978352848359,4
2a/AAlbionAirOriginalMix_aache320_ln_C2.wav,3.66667,2,Q5,0.366266448246507,0.723746864455746,1
0a/01LTJBukemSuspendedSpace_aache320_ln_C0.wav,3.93333,0,Q10,0.404252946117211,0.79880863671798,1
3a/SchoolBellIndianOcean_aache320_ln_C3.wav,3.46667,3,Q3,0.630535574818036,1.24594580635795,1
3a/02ISawThreeShips_aache320_ln_C3.wav,4.06667,3,Q12,0.447221545893208,0.883715101688537,7
1a/09_Swiss_polka__1_20__sample_aache320_ln_C1.wav,3.66667,1,Q5,0.594702540024096,1.17513930278601,1
4a/0102No2InFSharpMinor_aache320_ln_C4.wav,3.4,4,Q2,0.419065627318681,0.828078671210825,8
0a/0204FountainInTheRain_sample_aache320_ln_C0.wav,3.66667,0,Q5,0.455328940925617,0.899735410842437,4
4a/01CascadeMysteries_aache320_ln_C4.wav,3.86667,4,Q9,0.501226939064975,0.990430401872025,4
0a/0105Till_sample_aache320_ln_C0.wav,3.2,0,Q1,0.392,0.774596669241483,2
3a/0202HeHadRefinement_aache320_ln_C3.wav,3.53333,3,Q4,0.421965770070406,0.833809387832792,1
2a/01BlameAlteredState_aache320_ln_C2.wav,3.6,2,Q5,0.567417541733305,1.12122382116278,1
3a/0204KineticEnergy_aache320_ln_C3.wav,3.7619,3,Q7,0.328660581417635,0.768424485864545,1
0a/0201FantasyEtudes_sample_aache320_ln_C0.wav,3.52381,0,Q4,0.21888606879176,0.511766315719159,4
4a/A1GladaÄnkanPotpurriDelI_aache320_ln_C4.wav,3.66667,4,Q5,0.281551258407969,0.658280588604383,2
0a/0202Because_aache320_ln_C0.wav,4,0,Q11,0.270505699262203,0.632455532033676,4
2a/A4PåRakArmOchStåendeFot_aache320_ln_C2.wav,3.66667,2,Q5,0.413204280928668,0.966091783079296,4
1a/0203MelodiPurdue_aache320_ln_C1.wav,4,1,Q11,0.234264807429541,0.547722557505166,1
1a/0402ConcertoNo8InCMinorIAllemandeAndanteIIGraveIIIAndanteAllegroIVAdagioVSicilianaAndanteVIAllegro_sample_aache320_ln_C1.wav,3.85714,1,Q9,0.31095551664721,0.72702917999997,1
0a/0203DrinkToMeOnlyWithThineEyes_aache320_ln_C0.wav,3.42857,0,Q3,0.372164838031035,0.870139561876632,1
0a/0201ConcertoNo3InEMinor_sample_aache320_ln_C0.wav,4.14286,0,Q13,0.31095551664721,0.72702917999997,4
1a/0203CavalryOfTheSteppes_sample_aache320_ln_C1.wav,3.85714,1,Q9,0.339096839658919,0.792824967172092,4
2a/0301PuertoRicoBombaDanceDrums_aache320_ln_C2.wav,3.38095,2,Q2,0.344196326405601,0.804747816162956,8
4a/0205TheShadowOfYourSmileLoveThemeFromTheSandpiper_aache320_ln_C4.wav,3.95238,4,Q11,0.316508732545846,0.740012869900955,2
3a/CigarettesAndChocolate_aache320_ln_C3.wav,3.85714,3,Q9,0.365075334691348,0.853563956930837,7
2a/A2CrashCourseInBrainSurgery_aache320_ln_C2.wav,4.09524,2,Q13,0.230516328657598,0.538958431120797,1
3a/ASalamanderTempestUnionJackRemix_aache320_ln_C3.wav,4.14286,3,Q13,0.31095551664721,0.72702917999997,1
3a/02QProjectRadar_aache320_ln_C3.wav,4.14286,3,Q13,0.31095551664721,0.72702917999997,1
1a/0202MedleySideBySideLastNightOnTheBackPorchILovedHerBestOfAllILoveMyBabyMyBabyLovesMe_aache320_ln_C1.wav,3.95238,1,Q11,0.286154581379443,0.669043382464132,1
4a/0204TwoDifferentWorlds_aache320_ln_C4.wav,3.71429,4,Q6,0.275293782470049,0.643650304346789,8
4a/0103HelpMeMakeItThroughTheNight_sample_aache320_ln_C4.wav,3.7619,4,Q7,0.355402744940316,0.830948969838817,8
2a/03PFMValSinestra_aache320_ln_C2.wav,3.90476,2,Q10,0.380268910699316,0.889087279447969,1
0a/0102DoctorJazz_sample_aache320_ln_C0.wav,2.66667,0,Q1,0.366266448246507,0.723746864455746,4
0a/0202ConcertoNr4GdurAllegroAndanteAllegro_aache320_ln_C0.wav,3.86667,0,Q9,0.376122911352718,0.743223352957206,4
0a/0105LaPaloma_aache320_ln_C0.wav,3.33333,0,Q2,0.455328940925617,0.899735410842437,4
4a/0105Band5JustIsLoveIsJustAroundTheCornerKissTheBoysGoodbyeOneDozenRosesLouiseStopYoureBreakingMyHeart_aache320_ln_C4.wav,3.13333,4,Q1,0.421965770070406,0.833809387832792,8
2a/04NookieSolstice_aache320_ln_C2.wav,3.4,2,Q2,0.372866374634846,0.736788397613007,1
2a/ANocturnalTransmission_aache320_ln_C2.wav,4,2,Q11,0.506069823904436,1,1
1a/06MyFoolishHeart_aache320_ln_C1.wav,3.46667,1,Q3,0.421965770070406,0.833809387832792,1
3a/01PHDHaze_aache320_ln_C3.wav,4.4,3,Q15,0.498787864059796,0.985610760609162,1
3a/BCatalysStareEyeSawMix_aache320_ln_C3.wav,4.46667,3,Q15,0.323854562694086,0.639940473422184,1
4a/0103Django_aache320_ln_C4.wav,3.53333,4,Q4,0.421965770070406,0.833809387832792,4
3a/a1andreas_tilliander__bonnarockkinky_aache320_ln_C3.wav,4.13333,3,Q13,0.376122911352718,0.743223352957206,7
0a/0102Concerto2inF_aache320_ln_C0.wav,4,0,Q11,0.382552828595825,0.755928946018454,4
1a/0202JohnsonRag_aache320_ln_C1.wav,4,1,Q11,0.382552828595825,0.755928946018454,1
4a/ATimbreProfile_aache320_ln_C4.wav,2.93333,4,Q1,0.447221545893208,0.883715101688537,8
2a/ATheWanderer_aache320_ln_C2.wav,3.8,2,Q8,0.392,0.774596669241483,1
4a/HereIsTheProof_aache320_ln_C4.wav,3.06667,4,Q1,0.588518290096219,1.16291915126588,2
1a/A2NewSongNewVersion_aache320_ln_C1.wav,4.26667,1,Q15,0.404252946117211,0.79880863671798,1
2a/A1Synthian_aache320_ln_C2.wav,4.06667,2,Q12,0.404252946117211,0.79880863671798,1
1a/01פתיחה_aache320_ln_C1.wav,3.46667,1,Q3,0.536484026892797,1.06009882737862,4
3a/AUnionJackTwoFullMoonsAndATrout_aache320_ln_C3.wav,4.06667,3,Q12,0.404252946117211,0.79880863671798,4
1a/0405Finale_sample_aache320_ln_C1.wav,3,1,Q1,0.773034424991683,1.24721912892465,4
0a/2Resolution_aache320_ln_C0.wav,3.3,0,Q2,0.656591873913231,1.05934990547138,1
3a/B4KatyKommerHem_aache320_ln_C3.wav,4.3,3,Q15,0.418337450178946,0.674948557710553,1
1a/01JustThisSideofLove_aache320_ln_C1.wav,3.8,1,Q8,0.703661534798908,1.13529242439509,1
2a/A3NewReligion_aache320_ln_C2.wav,3.9,2,Q10,0.457333333333333,0.737864787372622,1
0a/0202ConcertoNo4InEMajorP242_sample_aache320_ln_C0.wav,4.3,0,Q15,0.418337450178946,0.674948557710553,4
0a/0104HereThereAndEverywhere_aache320_ln_C0.wav,3.8,0,Q8,0.261333333333333,0.421637021355784,1
0a/0306LarghettoEStaccato_sample_aache320_ln_C0.wav,4.1,0,Q13,0.196,0.316227766016838,4
3a/0204ThreeOClockJump_aache320_ln_C3.wav,3.1,3,Q1,0.457333333333333,0.737864787372622,4
4a/0102TheyNeedNoWords_aache320_ln_C4.wav,3.7,4,Q6,0.510269645492568,0.823272602348565,8
2a/01TheInvisibleManTheBellTune_aache320_ln_C2.wav,3.9,2,Q10,0.457333333333333,0.737864787372622,1
4a/0104Соната16сибемольмажорК570Allegretto_sample_aache320_ln_C4.wav,3.5,4,Q3,0.438269323589959,0.707106781186548,8
1a/0201MedleyCominInOnAWingAndAPrayerPennsylvaniaPolkaDoNothinTillYouHearFromMe_aache320_ln_C1.wav,3.4,1,Q2,0.433372305939772,0.699205898780101,4
4a/Liquid_aache320_ln_C4.wav,3.9,4,Q10,0.457333333333333,0.737864787372622,8
2a/BAltitudeMarrakechOriginalMix_aache320_ln_C2.wav,4,2,Q11,0.413204280928668,0.666666666666667,1
2a/A5IllMeetYouAtMidnight_aache320_ln_C2.wav,3.9,2,Q10,0.542699425710647,0.875595035770913,4
3a/MobStyle_aache320_ln_C3.wav,3.1,3,Q1,0.682100025248823,1.10050493461461,4
3a/MazeShrine_aache320_ln_C3.wav,3.8,3,Q8,0.392,0.632455532033676,1
4a/ImOnYourSide_aache320_ln_C4.wav,4.1,4,Q13,0.457333333333333,0.737864787372622,7
1a/04LifeIsButaDream_aache320_ln_C1.wav,3.2,1,Q1,0.569562795289315,0.918936583472682,1
3a/05SlowRide_aache320_ln_C3.wav,3.66667,3,Q5,0.54890979293898,1.18817705157201,1
1a/0104WomenOfTheSeasons_aache320_ln_C1.wav,3.55556,1,Q4,0.506620798290706,1.09663776110663,4
3a/0205SouthAfricaTheZingiliNdlamuDanceDrums_aache320_ln_C3.wav,3.22222,3,Q1,0.583403481620967,1.26284252455723,4
3a/B4WatchingYouWithoutMe_aache320_ln_C3.wav,3.44444,3,Q3,0.425839339498635,0.921777197924954,2
1a/04LTJBukemJourneyInwards_aache320_ln_C1.wav,3.33333,1,Q2,0.419236779307569,0.90748521297303,4
2a/aebtgblame_originalvst17521999sour_aache320_ln_C2.wav,3.72222,2,Q6,0.496188230032079,1.07405529245092,1
0a/03WalkThroughThisWorldWithMe_aache320_ln_C0.wav,3.5,0,Q3,0.554598129249748,1.20049009599756,2
2a/0201Fugue_aache320_ln_C2.wav,3.44444,2,Q3,0.454365095266636,0.983524408155643,2
0a/0202Nr4Amoll_sample_aache320_ln_C0.wav,3.83333,0,Q8,0.481926959996265,1.04318516770401,4
4a/0209PréludesAusOp23Nr10GesDurLargo_sample_aache320_ln_C4.wav,3.22222,4,Q1,0.405709434501199,0.878203752021909,8
1a/0101OurWinterLove_aache320_ln_C1.wav,3.22222,1,Q1,0.489822044664551,1.06027496741928,4
4a/0104SousBois_aache320_ln_C4.wav,3.22222,4,Q1,0.538648892046956,1.16596617626027,8
4a/A3TheCalloftheCanyon_aache320_ln_C4.wav,3.11111,4,Q1,0.445059704855409,0.963381842865745,8
0a/0202SunsweptSunday_aache320_ln_C0.wav,3.05556,0,Q1,0.403122525438127,0.872604096080652,4
4a/B2NightLifeInTwinPeaks_aache320_ln_C4.wav,3.5,4,Q3,0.481926959996265,1.04318516770401,2
3a/SundaySoda_aache320_ln_C3.wav,3.94444,3,Q11,0.295266456475393,0.639137490706142,1
2a/a1iiorunaway__evolved_mixute_aache320_ln_C2.wav,3.77778,2,Q7,0.514814658077436,1.1143742932065,1
2a/0202YouTookAdvantageOfMe_sample_aache320_ln_C2.wav,3.33333,2,Q2,0.54890979293898,1.18817705157201,1
1a/05Ninja_aache320_ln_C1.wav,3.88889,1,Q10,0.350360743648465,0.758395278659362,1
0a/0205VanaVana_aache320_ln_C0.wav,3.05556,0,Q1,0.43314693493968,0.937595311059234,4
2a/01soultempo_feat_kissey_asplunda1_brazil_original_demo_mix_aache320_ln_C2.wav,3.92308,2,Q10,0.348186623880513,0.640512615220348,4
1a/0205LaBamba_aache320_ln_C1.wav,3.69231,1,Q6,0.464701978685354,0.85485041426511,1
1a/01BigBudStateOfMind_aache320_ln_C1.wav,3.23077,1,Q2,0.503818946221748,0.926808695996298,4
4a/B6Edelweiss_aache320_ln_C4.wav,3.38462,4,Q2,0.685406054515187,1.26085034391223,1
3a/0202LameDesPoetes_aache320_ln_C3.wav,3.69231,3,Q6,0.514974961571303,0.947330933431342,4
0a/0101KonzertFürViolineUndOrchesterEMollOp64Allegro_sample_aache320_ln_C0.wav,3.76923,0,Q7,0.39412049739823,0.725011052081984,2
4a/0104DeepPurple_aache320_ln_C4.wav,3.30769,4,Q2,0.603076923076923,1.10940039245046,8
2a/01DOPETravellingPart2_aache320_ln_C2.wav,3.69231,2,Q6,0.603076923076923,1.10940039245046,1
1a/04HalfMoon_aache320_ln_C1.wav,3.76923,1,Q7,0.452307692307692,0.832050294337844,4
4a/06LittleLamb_aache320_ln_C4.wav,3.61538,4,Q5,0.417461096700498,0.767947647788304,2
1a/0101MyReverieRêverie_aache320_ln_C1.wav,3.46154,1,Q3,0.421974320801839,0.776250025806185,1
0a/0105AngelsFromTheRealmOfGlory_aache320_ln_C0.wav,3.92308,0,Q10,0.412898543350048,0.75955452531275,4
4a/SunsComingUp_aache320_ln_C4.wav,4.15385,4,Q13,0.4885481449569,0.898717034272917,4
2a/0201PairingOff_sample_aache320_ln_C2.wav,3.38462,2,Q2,0.609326591790897,1.12089707663561,1
3a/02TotalScienceForceField_aache320_ln_C3.wav,3.84615,3,Q9,0.3744018240317,0.688737231721195,1
2a/0901WhenTheSaintsGoMarchingIn_sample_aache320_ln_C2.wav,3.84615,2,Q9,0.580673620929514,1.06818801763811,1
3a/ByTheSea_aache320_ln_C3.wav,4.38462,3,Q15,0.417461096700498,0.767947647788304,1
3a/FutureGirl_aache320_ln_C3.wav,3.69231,3,Q6,0.514974961571303,0.947330933431342,7
0a/0205TheNearnessOfYou_aache320_ln_C0.wav,3.61538,0,Q5,0.353585188048228,0.650443635587991,1
0a/0101No1InBFlatForOboeStringsandContinuoNr1BdurFürOboeStreicherUndContinuoN1EnSiBemolMajeurPourHautboisCordesEtBasseContinueRV465P331AllegroAdagioAllegro_sample_aache320_ln_C0.wav,3.69231,0,Q6,0.464701978685354,0.85485041426511,4
0a/020110BagatellesForPianoAndOrchestraOp5_sample_aache320_ln_C0.wav,3.07143,0,Q1,0.695678971055781,1.32805732697661,4
4a/0502ConcertoNo10DmollHWV3281OuvertureAllegro2AirLentement3Allegro4Allegro5AllegroModerato_sample_aache320_ln_C4.wav,3.35714,4,Q2,0.331755238785371,0.633323693776651,8
0a/0101ConcertoNo1InGMajor_aache320_ln_C0.wav,3.64286,0,Q5,0.44101282032647,0.841897386141095,4
2a/01iio_aka_vaiiorapture__original_extended_mixpromo_vinylpow_aache320_ln_C2.wav,3.92857,2,Q10,0.480288374913367,0.91687476825319,1
1a/A1OhWannKommstDuDonkeySerenadeTheStarsAndStripesForever_aache320_ln_C1.wav,4.21429,1,Q14,0.366312182959583,0.699293206753068,4
1a/0102TropicalBreeze_aache320_ln_C1.wav,3.92857,1,Q10,0.522390952919657,0.997248963150875,1
1a/08Porch_aache320_ln_C1.wav,4.14286,1,Q13,0.452820222435078,0.864437821507566,1
3a/AArtOfTranceMadagasga_aache320_ln_C3.wav,4.5,3,Q15,0.340723212728906,0.650443635587991,1
1a/0103No5inFmajorVivaceLargoVivaceNo6inFminorTempdiMinuettoLargoTempodiMinuetto_aache320_ln_C1.wav,3.42857,1,Q3,0.446111403816787,0.85163062725264,1
3a/03MakotoInsideYourLove_aache320_ln_C3.wav,4.57143,3,Q15,0.269015298392546,0.513552591013095,1
3a/07PerfectControl_aache320_ln_C3.wav,3.64286,3,Q5,0.528131685210305,1.00820807201863,1
2a/A3PlayingGod_aache320_ln_C2.wav,4.21429,2,Q14,0.303264291945542,0.578934223521839,1
4a/0103Butter_sample_aache320_ln_C4.wav,4,4,Q11,0.410927655994992,0.784464540552736,4
4a/B2ScarletRibbons_aache320_ln_C4.wav,3.5,4,Q3,0.533810683813884,1.01904933073014,2
4a/0202InOurShadowVocalALombreDeNous_aache320_ln_C4.wav,3.28571,4,Q2,0.432381597843671,0.825420305855557,4
3a/01RantoulSystemSylence_aache320_ln_C3.wav,4.5,3,Q15,0.271803096150362,0.518874521662771,7
0a/0202Concerto4InFMajor_aache320_ln_C0.wav,3.42857,0,Q3,0.395979797464467,0.755928946018454,4
0a/0106TheDonkeySerenade_sample_aache320_ln_C0.wav,2.92857,0,Q1,0.522390952919657,0.997248963150875,2
2a/B1MasterBlasterJammin_aache320_ln_C2.wav,4.42857,2,Q15,0.269015298392546,0.513552591013095,1
2a/asebasteelsour_aache320_ln_C2.wav,3.78571,2,Q7,0.550496279593381,1.05090228108783,1
4a/0206HawaiiHawaiianWarChantToHuWoHuWaiAlohaOe_aache320_ln_C4.wav,4.1875,4,Q14,0.3675,0.75,8
3a/02IHeardtheBellsOnChristmasDay_aache320_ln_C3.wav,4.0625,3,Q12,0.281127936474955,0.57373048260195,5
0a/0302ConcertoNo6InGMinor_aache320_ln_C0.wav,4.3125,0,Q15,0.295019067180411,0.602079728939615,2
2a/A2WhenInRomeIDoAsTheRomansDo_aache320_ln_C2.wav,3.9375,2,Q11,0.418417156276684,0.853912563829966,1
2a/0104ClarinetPolka_sample_aache320_ln_C2.wav,3.6875,2,Q6,0.463777514907022,0.946484724300046,1
0a/0104HeWasTooGoodToMe_aache320_ln_C0.wav,3.875,0,Q9,0.352209691329848,0.718795288428261,1
1a/0104Hindustan_aache320_ln_C1.wav,3.9375,1,Q11,0.281127936474955,0.57373048260195,4
1a/03FinallyFoundOut_aache320_ln_C1.wav,3.8125,1,Q8,0.48072471332354,0.981070843517429,1
0a/0102ConcertogrossoOp6No2Fmajor_sample_aache320_ln_C0.wav,4,0,Q11,0.473384973708855,0.966091783079296,4
3a/B2BillieJean_aache320_ln_C3.wav,4.125,3,Q13,0.395050629666629,0.806225774829855,1
3a/IntoHope_aache320_ln_C3.wav,4.125,3,Q13,0.352209691329848,0.718795288428261,1
4a/0201IntermezzoInEMajorOp116No4_sample_aache320_ln_C4.wav,3.75,4,Q7,0.419610930903061,0.856348838577675,2
4a/AllTheThingsThisIsnt_aache320_ln_C4.wav,3.9375,4,Q11,0.488978101077475,0.997914491994847,8
0a/0202Rachmaninoffs2ndPianoConcerto3rdMovement_sample_aache320_ln_C0.wav,3.8125,0,Q8,0.48072471332354,0.981070843517429,8
3a/10FriendlyTavernPolka_aache320_ln_C3.wav,3.8125,3,Q8,0.408741462703912,0.834166250416147,5
4a/0305SpanishEyes_sample_aache320_ln_C4.wav,3.875,4,Q9,0.395050629666629,0.806225774829855,8
1a/0102LetsDance_aache320_ln_C1.wav,3.625,1,Q5,0.562255872949911,1.1474609652039,4
2a/0204CarryMeBack_aache320_ln_C2.wav,3.875,2,Q9,0.303378201809776,0.61913918736689,1
2a/0205Logrolling_aache320_ln_C2.wav,3.625,2,Q5,0.395050629666629,0.806225774829855,4
1a/04BluMarTenBlush_aache320_ln_C1.wav,3.9375,1,Q11,0.216839994773412,0.442530601578392,1
4a/0105AuldLangSyne_aache320_ln_C4.wav,3.5,4,Q3,0.565803263805833,1,4
3a/0408DayO_sample_aache320_ln_C3.wav,3.83333,3,Q8,0.630667435453436,1.11464085804543,2
3a/DecayII_aache320_ln_C3.wav,4.16667,3,Q14,0.326666666666667,0.577350269189626,1
4a/2002SymphonieNr7EmollLiedDerNachtZweiteAbteilung3ScherzoSchattenhaftFließendAberNichtSchnell_aache320_ln_C4.wav,4.16667,4,Q14,0.472359219581064,0.834847109936722,2
0a/0107SonataInDMinorK10L370_sample_aache320_ln_C0.wav,4.08333,0,Q13,0.563655995096372,0.996204919895622,4
1a/0106BaseballNoEstadioYankee_aache320_ln_C1.wav,4.08333,1,Q13,0.44866018276192,0.792961461098759,1
2a/A2AnneOfCleves_aache320_ln_C2.wav,4.16667,2,Q14,0.530404838712179,0.937436866561092,4
3a/B1NicelyTheEchidnaHasNoTeeth_aache320_ln_C3.wav,4.16667,3,Q14,0.406099952865266,0.717740562565273,7
1a/07CreepingDeath_aache320_ln_C1.wav,3.91667,1,Q10,0.509413407952736,0.90033663737852,1
3a/AphexTwinLondon03061703_aache320_ln_C3.wav,3.91667,3,Q10,0.291348311105176,0.514928650544437,1
2a/A2JohnImOnlyDancing_aache320_ln_C2.wav,4.25,2,Q15,0.351692875656984,0.621581560508061,1
1a/0207GoodNews_sample_aache320_ln_C1.wav,4,1,Q11,0.417873404056996,0.738548945875996,1
1a/01XenoPariah_aache320_ln_C1.wav,4.16667,1,Q14,0.406099952865266,0.717740562565273,1
4a/SomethingYouCantReturnTo_aache320_ln_C4.wav,4.58333,4,Q15,0.291348311105176,0.514928650544437,6
0a/0202ConcertoGrossono4inAminor_sample_aache320_ln_C0.wav,4.66667,0,Q15,0.278582269371331,0.492365963917331,4
0a/0203UpInPigalle_aache320_ln_C0.wav,4,0,Q11,0.539472244911917,0.953462589245592,4
2a/03RantoulDeepWater_aache320_ln_C2.wav,3.83333,2,Q8,0.406099952865266,0.717740562565273,1
4a/1101SerenadeInBlue_sample_aache320_ln_C4.wav,4.08333,4,Q13,0.509413407952736,0.90033663737852,4
0a/01TheHepStarsInattjagdrömde_aache320_ln_C0.wav,4.16667,0,Q14,0.406099952865266,0.717740562565273,1
2a/08AnyColourYouLike_aache320_ln_C2.wav,4.16667,2,Q14,0.472359219581064,0.834847109936722,4
1a/04TimeToStart_aache320_ln_C1.wav,4.16667,1,Q14,0.406099952865266,0.717740562565273,1
1a/AArtOfTranceBreathe_aache320_ln_C1.wav,4.25,1,Q15,0.255894154254876,0.452267016866645,1
2a/A1SolPollenflugOriginalMix_aache320_ln_C2.wav,4.08333,2,Q13,0.509413407952736,0.90033663737852,2
0a/0102ADanceRhapsodyNo2_sample_aache320_ln_C0.wav,4,0,Q11,0.417873404056996,0.738548945875996,4
2a/06CatchMyFall_aache320_ln_C2.wav,3.91667,2,Q10,0.378272255115147,0.668557923421521,1
3a/03ICouldBeHappyWithYou_aache320_ln_C3.wav,3.66667,3,Q5,0.368529702214274,0.65133894727893,1
0a/0105TillÖsterlandVillJagFaraLongingForFinland_aache320_ln_C0.wav,3.41667,0,Q3,0.509413407952736,0.90033663737852,1
3a/EndCredits_aache320_ln_C3.wav,4.08333,3,Q13,0.291348311105176,0.514928650544437,1
0a/0301Imagination_aache320_ln_C0.wav,3.91667,0,Q10,0.378272255115147,0.668557923421521,1
4a/WhateversWrittenInYourHeart_aache320_ln_C4.wav,3.5,4,Q3,0.381464482639146,0.674199862463242,7
1a/0505ChangePartners_sample_aache320_ln_C1.wav,4.08333,1,Q13,0.291348311105176,0.514928650544437,1
2a/05GoodGreeves_aache320_ln_C2.wav,4.08333,2,Q13,0.563655995096372,0.996204919895622,1
3a/A3WhiteFlag_aache320_ln_C3.wav,3.83333,3,Q8,0.406099952865266,0.717740562565273,1
3a/Telescope_aache320_ln_C3.wav,4,3,Q11,0.241259322319492,0.426401432711221,7
4a/Dagga_aache320_ln_C4.wav,3.16667,4,Q1,0.406099952865266,0.717740562565273,8
4a/NancyMontgomeryHerself_aache320_ln_C4.wav,3.75,4,Q7,0.255894154254876,0.452267016866645,2
4a/0103MoonlightSerenade_sample_aache320_ln_C4.wav,3.58333,4,Q4,0.291348311105176,0.514928650544437,4
0a/0102ThatsTheWayItGoes_aache320_ln_C0.wav,3.58333,0,Q4,0.378272255115147,0.668557923421522,2
2a/AxyloticTranquel_aache320_ln_C2.wav,3.83333,2,Q8,0.472359219581064,0.834847109936722,4
1a/02Tammy_aache320_ln_C1.wav,4,1,Q11,0.417873404056996,0.738548945875996,1
0a/0401ConcertogrossoOp6No6Gminor_aache320_ln_C0.wav,3.42857,0,Q3,0.491152490811936,0.937614461876991,2
1a/0306BluebirdOfHappiness_sample_aache320_ln_C1.wav,3.14286,1,Q1,0.452820222435078,0.864437821507566,1
4a/8Electricity_aache320_ln_C4.wav,3.64286,4,Q5,0.331755238785371,0.633323693776651,4
4a/WanderingTheGlowingSeapt2_aache320_ln_C4.wav,3,4,Q1,0.459431086319726,0.877058019307029,8
1a/A2TheSupremesThingsGoBetterWithCoke_aache320_ln_C1.wav,3.35714,1,Q2,0.44101282032647,0.841897386141095,1
3a/DontLetMeBeMisunderstood_aache320_ln_C3.wav,3.85714,3,Q9,0.40352294758882,0.770328886519643,4
2a/B1ICantSeeMyFeelings_aache320_ln_C2.wav,3.92857,2,Q10,0.382421434867547,0.730045911547372,1
4a/B6TheFoolOnTheHill_aache320_ln_C4.wav,3.92857,4,Q10,0.322538012071088,0.615727926214882,2
0a/0302Concerto6InAMajor_aache320_ln_C0.wav,3.57143,0,Q4,0.338503493903114,0.646206172658864,4
1a/01MakotoFeaturingMCConradGoldenGirlFullVocalMix_aache320_ln_C1.wav,3.28571,1,Q2,0.520945885274676,0.994490316197694,1
0a/01ItsMyLife_aache320_ln_C0.wav,3.42857,0,Q3,0.491152490811936,0.937614461876991,7
2a/altj_bukemswitchsour_aache320_ln_C2.wav,3.64286,2,Q5,0.390226758535243,0.744946343668492,1
2a/A2ArtOfTranceColoursNicelyMix_aache320_ln_C2.wav,3.85714,2,Q9,0.40352294758882,0.770328886519643,1
0a/0204WhatNowMyLove_sample_aache320_ln_C0.wav,3.85714,0,Q9,0.40352294758882,0.770328886519643,4
1a/0104StreetOfDreams_aache320_ln_C1.wav,3.92857,1,Q10,0.382421434867547,0.730045911547372,1
2a/A2NoReplyAtAll_aache320_ln_C2.wav,3.21429,2,Q1,0.510715937905573,0.974961255922229,1
3a/Doppler_aache320_ln_C3.wav,3.64286,3,Q5,0.566690798882831,1.08181776206978,1
3a/TheKreuzbergSisters_aache320_ln_C3.wav,3.71429,3,Q6,0.320192249942245,0.611249845502127,1
3a/03NookieLostFileRemix_aache320_ln_C3.wav,3.64286,3,Q5,0.566690798882831,1.08181776206978,1
4a/0101ConcertoNo1InDMajor_sample_aache320_ln_C4.wav,3.42857,4,Q3,0.395979797464467,0.755928946018454,2
1a/0204MackTheKnife_aache320_ln_C1.wav,4.21429,1,Q14,0.303264291945542,0.578934223521839,1
1a/A1Allegro_aache320_ln_C1.wav,4.42857,1,Q15,0.338503493903114,0.646206172658864,1
3a/02NuMoonSubmergency_aache320_ln_C3.wav,4.42857,3,Q15,0.269015298392546,0.513552591013095,1
1a/07SweetsForMySweet_aache320_ln_C1.wav,3.92857,1,Q10,0.43412157106223,0.828741930164745,1
0a/0202ItCameUponAMidnightClear_aache320_ln_C0.wav,3.57143,0,Q4,0.532396613293279,1.01634985756236,4
4a/WhiteOwl_aache320_ln_C4.wav,4.07143,4,Q12,0.322538012071088,0.615727926214882,4
3a/0201Side2ZajjADrumIsAWomanPart2YouBetterKnowItMadamZajjBalletOfTheFlyingSaucersCarribeeJoeRhumbopCarribeeJoePart2Finale_aache320_ln_C3.wav,3.92857,3,Q10,0.43412157106223,0.828741930164745,1
4a/07LightsinTheSky_aache320_ln_C4.wav,3.78571,4,Q7,0.366312182959583,0.699293206753068,4
0a/0101TooMuchMustard_sample_aache320_ln_C0.wav,3.28571,0,Q2,0.663510477570742,1.2666473875533,8
0a/0401Concertono4inAMinor_sample_aache320_ln_C0.wav,4.07143,0,Q12,0.382421434867547,0.730045911547372,4
2a/01MakotoEasternDubPt2_aache320_ln_C2.wav,4.14286,2,Q13,0.347297256849784,0.662993544131796,1
2a/03Survivalism_aache320_ln_C2.wav,3.78571,2,Q7,0.550496279593381,1.05090228108783,1
1a/0105VisibilityLImitedEnglishChannel_aache320_ln_C1.wav,3.92857,1,Q10,0.480288374913367,0.91687476825319,1
4a/0202SongForTuba_aache320_ln_C4.wav,4,4,Q11,0.459431086319726,0.877058019307029,2
3a/DieAlone_aache320_ln_C3.wav,4,3,Q11,0.410927655994992,0.784464540552736,1
0a/0105TimeOnMyHands_aache320_ln_C0.wav,3.78571,0,Q7,0.467563241300452,0.892582375303981,4
4a/HaveToDoForNow_aache320_ln_C4.wav,4.57143,4,Q15,0.338503493903114,0.646206172658864,1
2a/AmTatort_aache320_ln_C2.wav,4.14286,2,Q13,0.40352294758882,0.770328886519643,1
3a/0201JustOneOfThoseThings_sample_aache320_ln_C3.wav,4.14286,3,Q13,0.28,0.534522483824849,8
2a/02LTJBukemAtlantisINeedYou_aache320_ln_C2.wav,4.35714,2,Q15,0.331755238785371,0.633323693776651,1
4a/05BoogieWoogieOnStLouisBlues_aache320_ln_C4.wav,3.23077,4,Q2,0.671445201618956,1.23516841994969,6
2a/A4IWasMadeToLoveHer_aache320_ln_C2.wav,4.07692,2,Q13,0.518640310044597,0.954073587443028,1
3a/04hundarna_fran_sodercodex_eticusmbs_aache320_ln_C3.wav,4.07692,3,Q13,0.518640310044597,0.954073587443028,7
1a/0205Lola_aache320_ln_C1.wav,3.38462,1,Q2,0.648482981669367,1.19292787840545,1
2a/A2ACertainKindaHurtin_aache320_ln_C2.wav,4.07692,2,Q13,0.348186623880513,0.640512615220348,1
0a/0302Nr6Ddur_sample_aache320_ln_C0.wav,4.07692,0,Q13,0.564126806005917,1.03774904332554,4
1a/0201TheBestThingsInLifeAreFree_aache320_ln_C1.wav,3.76923,1,Q7,0.39412049739823,0.725011052081984,1
1a/3s7s_aache320_ln_C1.wav,3.69231,1,Q6,0.560758854675204,1.03155347127648,4
3a/Modus_aache320_ln_C3.wav,4.15385,3,Q13,0.536591624973881,0.987096233585649,7
4a/A2FirstBorn_aache320_ln_C4.wav,3.46154,4,Q3,0.612427510503326,1.12660142429822,8
2a/Aa1LoveclubTheJourneyLightRemix_aache320_ln_C2.wav,4.07692,2,Q13,0.468760588309079,0.862316498502576,1
1a/01Intense35_aache320_ln_C1.wav,2.92308,1,Q1,0.751329131280591,1.3821202589704,1
0a/0204InDulciJubilo_sample_aache320_ln_C0.wav,3.61538,0,Q5,0.522279935820769,0.960768922830523,4
3a/02son_kiteaiwana__dj_nukem_deep_remixtgx_aache320_ln_C3.wav,4.23077,3,Q14,0.503818946221748,0.926808695996298,1
2a/0102JeepersCreepersAintWeGotFunBlueRoomYouDoSomethingToMeByeByeBlackbird_aache320_ln_C2.wav,3.76923,2,Q7,0.633709220956929,1.16575055606865,4
3a/01SoulPurposeDominion_aache320_ln_C3.wav,4,3,Q11,0.496242289870997,0.912870929175277,1
4a/02CocktailPianoSideTwo_aache320_ln_C4.wav,3.53846,4,Q4,0.6513975266092,1.19828937903056,2
0a/0204IllNeverSmileAgain_sample_aache320_ln_C0.wav,3.38462,0,Q2,0.685406054515187,1.26085034391223,4
0a/0203Greensleeves_aache320_ln_C0.wav,3.53846,0,Q4,0.6513975266092,1.19828937903056,1
4a/0803SonataNo10InGMajorOp96lVPocoAllegretto_sample_aache320_ln_C4.wav,3.07692,4,Q1,0.682636725798051,1.25575597825496,8
2a/02SatoshiTomiieFeatKelliAli_LoveInTrafficJohnCreamerStephaneKRemix_aache320_ln_C2.wav,3.8,2,Q8,0.476274430694461,0.94112394811432,1
1a/07KidsWannaRock_aache320_ln_C1.wav,4.06667,1,Q12,0.404252946117211,0.79880863671798,1
2a/AaLibraPresentsTaylorAnomalyGrannysEpicureRemix_aache320_ln_C2.wav,3.8,2,Q8,0.392,0.774596669241483,1
4a/1701SymphonieNr6AmollTragische2ScherzoWuchtig_aache320_ln_C4.wav,3.6,4,Q5,0.419065627318681,0.828078671210825,2
3a/America2_aache320_ln_C3.wav,3.86667,3,Q9,0.421965770070406,0.833809387832792,4
2a/0204UnPocoLoco_aache320_ln_C2.wav,3.8,2,Q8,0.580170090002349,1.14642300844222,4
1a/07MyMichelle_aache320_ln_C1.wav,4.06667,1,Q12,0.486409064243027,0.961150104723255,1
4a/CurtisMathesCollectionofStereoMusicVol3side1_aache320_ln_C4.wav,3.06667,4,Q1,0.618821819625362,1.22279928657082,4
0a/0204SonataNo1InDMajorOp12No1llTemaConVariazioniAndanteConMoto_sample_aache320_ln_C0.wav,3.53333,0,Q4,0.463294482783659,0.915475416434127,8
4a/01011Додиезминорсоч212Мимажорсоч853Фадиезминорсоч4224Фадиезмажорсоч4235Фадиезмажорсоч4246_aache320_ln_C4.wav,3.6,4,Q5,0.460654606692114,0.9102589898328,8
0a/0102SinfonieNr1_aache320_ln_C0.wav,3.46667,0,Q3,0.501226939064975,0.990430401872025,4
1a/01Spider_aache320_ln_C1.wav,2.93333,1,Q1,0.522666666666667,1.03279555898864,4
1a/0205AloneTogether_aache320_ln_C1.wav,4.26667,1,Q15,0.404252946117211,0.79880863671798,1
3a/02ViceVersaSolidGround_aache320_ln_C3.wav,3.93333,3,Q10,0.556567256592688,1.09978352848359,1
0a/0105JanisTune_aache320_ln_C0.wav,4,0,Q11,0.331300467853578,0.654653670707977,4
4a/0201WeKissInAShadow_aache320_ln_C4.wav,3.8,4,Q8,0.436177333967122,0.861891607371335,2
0a/0202StusBlues_aache320_ln_C0.wav,3.73333,0,Q7,0.300411569536047,0.593616839704664,4
2a/0102GuancoLament_aache320_ln_C2.wav,3.8,2,Q8,0.392,0.774596669241483,1
3a/Anticorps_aache320_ln_C3.wav,3.93333,3,Q10,0.447221545893208,0.883715101688537,7
3a/TheEarlyYearsGreatStarsofthe30s40sR1S2_aache320_ln_C3.wav,3.46667,3,Q3,0.501226939064975,0.990430401872025,2
0a/0104PoincianaSongOfTheTree_aache320_ln_C0.wav,3.28571,0,Q2,0.478716231988462,0.913873533463375,4
4a/0104AKissInTheDarkForYouLetTheRestOfTheWorldGoByWhenIrishEyesAreSmilingKissMeAgain_aache320_ln_C4.wav,3.71429,4,Q6,0.478716231988462,0.913873533463375,8
1a/0404BlueSkies_sample_aache320_ln_C1.wav,3.78571,1,Q7,0.550496279593381,1.05090228108783,1
2a/0102Sunny_aache320_ln_C2.wav,4.21429,2,Q14,0.42,0.801783725737273,1
4a/0502ConcertoNo10InGMajorP103_sample_aache320_ln_C4.wav,4.07143,4,Q12,0.382421434867547,0.730045911547372,4
3a/0205MeanToMe_sample_aache320_ln_C3.wav,3.85714,3,Q9,0.40352294758882,0.770328886519643,4
3a/02PariahSecondNature_aache320_ln_C3.wav,3.92857,3,Q10,0.480288374913367,0.91687476825319,1
0a/0104TimeToPart_sample_aache320_ln_C0.wav,3.78571,0,Q7,0.467563241300452,0.892582375303981,4
0a/0105BeataEs_sample_aache320_ln_C0.wav,3.71429,0,Q6,0.432381597843671,0.825420305855557,2
3a/AArtOfTranceOctopus_aache320_ln_C3.wav,4,3,Q11,0.459431086319726,0.877058019307029,1
4a/12WhiteChristmas_aache320_ln_C4.wav,3.64286,4,Q5,0.48652614760945,0.928782731664065,4
1a/0104AllIHaveToDoIsDream_aache320_ln_C1.wav,3.5,1,Q3,0.397878992041163,0.75955452531275,1
3a/BUniversalStateOfMindAllBecauseOfYouSundayClubRemix_aache320_ln_C3.wav,3.92857,3,Q10,0.43412157106223,0.828741930164745,1
2a/08SixteenGoingSeventeen_aache320_ln_C2.wav,4.14286,2,Q13,0.452820222435078,0.864437821507566,1
1a/0102SoRare_aache320_ln_C1.wav,3.07143,1,Q1,0.561344539750492,1.07161170596054,1
4a/0201SymphonieNr1DdurDerTitan3FeierlichUndGemessenOhneZuSchleppen_aache320_ln_C4.wav,3,4,Q1,0.681446425457813,1.30088727117598,2
2a/01MakotoEnterprise_aache320_ln_C2.wav,3.85714,2,Q9,0.575927345845209,1.09945041215655,1
0a/0201BeyondTheSeaLaMer_aache320_ln_C0.wav,3.71429,0,Q6,0.478716231988462,0.913873533463375,2
2a/04FutureEngineersVanishingPoint_aache320_ln_C2.wav,4.07143,2,Q12,0.632090548528027,1.20666646429076,1
1a/0102ConcertoNo2FdurHWV3201AndanteLarghetto2Allegro3Largo4AllegroMaNonTroppo_sample_aache320_ln_C1.wav,3.64286,1,Q5,0.48652614760945,0.928782731664065,1
4a/TokyoFeaturingKinnieLane_aache320_ln_C4.wav,4.36842,4,Q15,0.342136031005083,0.760885910252682,8
3a/05LadyJane_aache320_ln_C3.wav,4.05263,3,Q12,0.317022932215685,0.705036185874039,7
0a/0201HighlightsFromBorodin_sample_aache320_ln_C0.wav,4.15789,0,Q14,0.270755358474792,0.602140431639667,1
1a/05DieHardTheHunter_aache320_ln_C1.wav,4,1,Q11,0.367141638140024,0.816496580927726,1
2a/B1HabaneraFromCarmen_aache320_ln_C2.wav,3.31579,2,Q2,0.541510716949584,1.20428086327933,1
2a/A5HowIGotOver_aache320_ln_C2.wav,4.10526,2,Q13,0.295799254796553,0.65783625471062,4
0a/0101Someday_aache320_ln_C0.wav,3.89474,0,Q10,0.295799254796553,0.65783625471062,1
1a/03SundayMorningCominDown_aache320_ln_C1.wav,4.05263,1,Q12,0.317022932215685,0.705036185874039,1
0a/0105Intermezzo_aache320_ln_C0.wav,3.68421,0,Q6,0.368748392591871,0.820069887194403,2
3a/0205OyeNicanor_sample_aache320_ln_C3.wav,4.31579,3,Q15,0.301735617531378,0.671038298207203,1
0a/02BigBudAlzir_aache320_ln_C0.wav,3.84211,0,Q9,0.309473684210526,0.688247201611685,1
1a/A1West_aache320_ln_C1.wav,4.21053,1,Q14,0.320730928843054,0.713282503517759,1
2a/A1KeepYourselfAlive_aache320_ln_C2.wav,4.05263,2,Q12,0.381358799167762,0.848114523878724,1
4a/TheFool_aache320_ln_C4.wav,3.78947,4,Q8,0.463892028490084,1.03166248617468,8
4a/TheOldForestTomBombadil_aache320_ln_C4.wav,3.89474,4,Q10,0.447017543859649,0.994134846772434,8
3a/Abyss_aache320_ln_C3.wav,4,3,Q11,0.497112128031752,1.10554159678513,1
4a/Fauré_BalladeInFSharpOp19_aache320_ln_C4.wav,4.10526,4,Q13,0.255013140959781,0.5671308728156,6
1a/0201AlabamaJubilee_aache320_ln_C1.wav,3.94737,1,Q11,0.279352899527833,0.621260744197395,1
3a/B2Voodoonight_aache320_ln_C3.wav,4.26316,3,Q15,0.252684205045001,0.561951486949016,1
2a/A1Sussudio_aache320_ln_C2.wav,4.05263,2,Q12,0.235738298540106,0.524265010438033,1
4a/1401SymphonieNr5CismollZweiteAbteilung3ScherzoKräftigNichtZuSchnell_aache320_ln_C4.wav,3.71429,4,Q6,0.520945885274676,0.994490316197694,2
2a/0101NoSmokin_aache320_ln_C2.wav,3.21429,2,Q1,0.550496279593381,1.05090228108783,1
0a/0204MedleyMonManègeÀMoiILoveParis_sample_aache320_ln_C0.wav,3.71429,0,Q6,0.56,1.0690449676497,4
3a/0201SpanishEyesInstrumental_aache320_ln_C3.wav,3.85714,3,Q9,0.452820222435078,0.864437821507566,1
4a/VictoriaOfficiumDefunctorumSideB_aache320_ln_C4.wav,3.85714,4,Q9,0.347297256849784,0.662993544131796,8
0a/0103BesameMucho_aache320_ln_C0.wav,3.78571,0,Q7,0.366312182959583,0.699293206753068,4
3a/04RantoulLastStop_aache320_ln_C3.wav,3.21429,3,Q1,0.587589600368777,1.1217137594956,1
2a/0203TakeItEasy_aache320_ln_C2.wav,3.85714,2,Q9,0.452820222435078,0.864437821507566,1
0a/0205No11InBflatMajorAllegroLargoAllegro_sample_aache320_ln_C0.wav,3.28571,0,Q2,0.520945885274676,0.994490316197694,1
3a/02TiaJuana_aache320_ln_C3.wav,3.85714,3,Q9,0.452820222435078,0.864437821507566,1
2a/02ChameleonLinks_aache320_ln_C2.wav,3.78571,2,Q7,0.303264291945542,0.578934223521839,1
0a/0202PostCoasties_aache320_ln_C0.wav,3.92857,0,Q10,0.322538012071088,0.615727926214882,4
1a/06DonkeySerenade_aache320_ln_C1.wav,3.71429,1,Q6,0.320192249942245,0.611249845502127,1
1a/0101MoLasses_sample_aache320_ln_C1.wav,3.28571,1,Q2,0.630896797607001,1.20438758319299,1
4a/0203Improvisation_sample_aache320_ln_C4.wav,3.85714,4,Q9,0.538030596785093,1.02710518202619,8
1a/11Bite_aache320_ln_C1.wav,3,1,Q1,0.681446425457813,1.30088727117598,4
2a/0203GJBlues_aache320_ln_C2.wav,3.57143,2,Q4,0.395979797464467,0.755928946018454,1
3a/asebawaveformlgr025sour_aache320_ln_C3.wav,4.07143,3,Q12,0.382421434867547,0.730045911547372,1
1a/A2ChildrenOfTheDamned_aache320_ln_C1.wav,3.85714,1,Q9,0.347297256849784,0.662993544131796,1
4a/ADrink_aache320_ln_C4.wav,3.57143,4,Q4,0.570667625208876,1.08940955880384,1
4a/PainlessPath_aache320_ln_C4.wav,3.83333,4,Q8,0.177159873885236,0.383482494423685,8
3a/Interlude_aache320_ln_C3.wav,3.88889,3,Q10,0.350360743648465,0.758395278659362,7
1a/0202KonzertFürViolineUndOrchesterNr1GMollOp26FinaleAllegroEnergicoPresto_sample_aache320_ln_C1.wav,4,1,Q11,0.316913216714142,0.685994340570035,1
3a/BTerraFermaFeatIChingObelix_aache320_ln_C3.wav,3.72222,3,Q6,0.52087547106232,1.12749360533236,1
4a/0503PreludeInCSharpMinor_sample_aache320_ln_C4.wav,3.55556,4,Q4,0.425839339498635,0.921777197924954,3
0a/0205SunriseSerenade_sample_aache320_ln_C0.wav,3.44444,0,Q3,0.454365095266636,0.983524408155643,4
4a/0205ClairDeLune_aache320_ln_C4.wav,3.55556,4,Q4,0.506620798290706,1.09663776110663,2
0a/0204ExactlyLikeYouInTheMoodWrapYourTroublesInDreamsAndDreamYourTroublesAway_aache320_ln_C0.wav,4,0,Q11,0.27445489646949,0.594088525786005,4
0a/0210HungarianDanceNo5_sample_aache320_ln_C0.wav,3.77778,0,Q7,0.253310399145353,0.548318880553316,4
2a/A4DeepInTheHeartOfTexas_aache320_ln_C2.wav,4.05556,2,Q12,0.487681515655137,1.05564155136453,1
1a/0203LazyDay_sample_aache320_ln_C1.wav,3.44444,1,Q3,0.553968976319761,1.19912822364084,2
2a/02PoltergeistViciousCirclesMagicCircleMix_aache320_ln_C2.wav,3.77778,2,Q7,0.435555555555556,0.942809041582063,1
2a/03andreas_tilliandermelod_icadps_aache320_ln_C2.wav,3.72222,2,Q6,0.470206617233681,1.01781516613691,1
0a/0105BidinMyTime_aache320_ln_C0.wav,3.88889,0,Q10,0.350360743648465,0.758395278659362,4
3a/AAIChingFeatDjPatrickReidWaysOfLove_aache320_ln_C3.wav,4.16667,3,Q14,0.363069701081125,0.785905247993376,4
2a/AKansaiRememberThisNightOriginalMix_aache320_ln_C2.wav,3.83333,2,Q8,0.396141520892677,0.857492925712544,1
1a/A1LightningToTheNations_aache320_ln_C1.wav,3.5,1,Q3,0.531479621655708,1.15044748327106,1
1a/02IntenseBlackIce_aache320_ln_C1.wav,3.55556,1,Q4,0.454365095266636,0.983524408155643,1
4a/0103ForYourLove_aache320_ln_C4.wav,3.61111,4,Q5,0.479023759119542,1.03690086251908,2
3a/EyeOpener_aache320_ln_C3.wav,3.66667,3,Q5,0.354319747770472,0.76696498884737,7
4a/0102IGotItBadAndThatAintGood_sample_aache320_ln_C4.wav,3.36842,4,Q2,0.454883558744438,1.01162829777814,8
2a/02PariahConfessions_aache320_ln_C2.wav,3.89474,2,Q10,0.516934401782647,1.14962490704603,1
3a/NicoAndTheNiners_aache320_ln_C3.wav,4,3,Q11,0.396558292729031,0.881917103688197,1
1a/ALsgHiddenSunOfVenus12Version_aache320_ln_C1.wav,3.73684,1,Q7,0.419734193102422,0.933458638205125,1
4a/0104SonataInDMinorL413AllegroModerato_sample_aache320_ln_C4.wav,4.05263,4,Q12,0.350669412162872,0.779863535820802,8
0a/0104BastienUndBastienneK50_sample_aache320_ln_C0.wav,3.52632,0,Q4,0.31327104938812,0.696692268479466,2
0a/0401ConcertoNo7BdurHWV3251Largo2Allegro3Largo4Andante5Hornpipe_sample_aache320_ln_C0.wav,3.47368,0,Q3,0.505368410090003,1.12390297389803,1
3a/B1SundayBrunchHonung_aache320_ln_C3.wav,4.15789,3,Q14,0.343859649122807,0.764719112901873,1
3a/06CherryPinkandAppleBlossomWhite_aache320_ln_C3.wav,3.89474,3,Q10,0.421140341741669,0.936585811581694,1
1a/0101OurDirectorMarch_sample_aache320_ln_C1.wav,3.89474,1,Q10,0.363906846995551,0.809302638222512,1
4a/Dreams_aache320_ln_C4.wav,3.21053,4,Q1,0.531594117090017,1.18222705886536,8
0a/301RhapsodyinBlue1924_aache320_ln_C0.wav,4.15789,0,Q14,0.343859649122807,0.764719112901873,4
2a/0101SamHarrisIntroOverThere_sample_aache320_ln_C2.wav,2.84211,2,Q1,0.524878974456992,1.16729306492209,2
2a/A6MexicanShuffle_aache320_ln_C2.wav,4.15789,2,Q14,0.403943625332678,0.898341551894183,1
3a/B2KissesOnTheWindLoversHipHopVersion_aache320_ln_C3.wav,4.31579,3,Q15,0.368748392591871,0.820069887194403,1
0a/0302ConcertoNo6InAMajorP215_sample_aache320_ln_C0.wav,3.84211,0,Q9,0.343859649122807,0.764719112901873,4
1a/0102Jungleaire_aache320_ln_C1.wav,3.31579,1,Q2,0.520354071277653,1.15723000589758,1
2a/AaQuietmanMeditate_aache320_ln_C2.wav,4.52632,2,Q15,0.230668065047347,0.512989176042577,1
1a/A1ICouldntLiveWithoutYourLove_aache320_ln_C1.wav,3.73684,1,Q7,0.329818588971682,0.733492805626908,1
4a/020412EtudesDExécutionTranscendante9RicordanzaAndantino_sample_aache320_ln_C4.wav,3.68421,4,Q6,0.336912273393335,0.749268649265355,3
0a/0201ArchibaldDouglas_sample_aache320_ln_C0.wav,4,0,Q11,0.543606192300725,1,4
0a/0206Whispering_aache320_ln_C0.wav,3.69231,0,Q6,0.464701978685354,0.85485041426511,4
3a/04BlameLifeform_aache320_ln_C3.wav,3.84615,3,Q9,0.435233279850641,0.800640769025436,1
2a/04IntenseDestruction_aache320_ln_C2.wav,3.92308,2,Q10,0.412898543350048,0.75955452531275,1
2a/0103Frenesi_aache320_ln_C2.wav,3.92308,2,Q10,0.518640310044597,0.954073587443028,4
3a/B4IGoCrazy_aache320_ln_C3.wav,4,3,Q11,0.543606192300725,1,1
0a/0101Concertono1inGMajor_sample_aache320_ln_C0.wav,3.84615,0,Q9,0.435233279850641,0.800640769025436,2
4a/11TheChristmasSongChestnutsRoastingOnAnOpenFire_aache320_ln_C4.wav,3.69231,4,Q6,0.464701978685354,0.85485041426511,5
2a/A4Dansarinatten_aache320_ln_C2.wav,3.61538,2,Q5,0.609326591790897,1.12089707663561,1
1a/11LoveIsTheTenderTrap_aache320_ln_C1.wav,3.92308,1,Q10,0.564126806005917,1.03774904332554,1
2a/02SebaCarCrash_aache320_ln_C2.wav,3.76923,2,Q7,0.452307692307692,0.832050294337844,1
3a/LahainaLuna_aache320_ln_C3.wav,4.15385,3,Q13,0.435233279850641,0.800640769025436,7
4a/02052EdurInEMajorAndantino_aache320_ln_C4.wav,3.76923,4,Q7,0.452307692307692,0.832050294337844,8
3a/AaArtOfTranceCambodiaTunnelVisionRemix_aache320_ln_C3.wav,4.53846,3,Q15,0.358902556921641,0.660225291773525,1
1a/0103ElSombreroDeMetalTheBrasshat_aache320_ln_C1.wav,3.84615,1,Q9,0.3744018240317,0.688737231721195,1
1a/0104SabreDance_aache320_ln_C1.wav,3.76923,1,Q7,0.503818946221748,0.926808695996298,4
4a/0101No1_sample_aache320_ln_C4.wav,4,4,Q11,0.443852597384681,0.816496580927726,2
1a/07OlderWoman_aache320_ln_C1.wav,4,1,Q11,0.313851181457971,0.577350269189626,1
4a/TheGrandLobby_aache320_ln_C4.wav,3.76923,4,Q7,0.550531391133398,1.01273936708367,3
0a/0302No8InGForViolinStringsandContinuoNr8GdurFürViolineStreicherUndContinuoN8EnSolMajeurPourViolonCordesEtBasseContinueRV299P102AllegroassaiLargoCantabileAllegro_sample_aache320_ln_C0.wav,3.76923,0,Q7,0.39412049739823,0.725011052081984,4
2a/01SecondVisionTheItalianJob_aache320_ln_C2.wav,3.85714,2,Q9,0.452820222435078,0.864437821507566,1
0a/0203FantasiaMexicana_aache320_ln_C0.wav,4.07143,0,Q12,0.480288374913367,0.91687476825319,4
2a/03BjornInsideMySoul_aache320_ln_C2.wav,4.35714,2,Q15,0.260472942637338,0.497245158098847,1
3a/02BigBudPistachio_aache320_ln_C3.wav,4.14286,3,Q13,0.611479919791069,1.16732059119908,7
0a/0102BlueAndSentimental_sample_aache320_ln_C0.wav,4,0,Q11,0.503281539192834,0.960768922830523,1
3a/10CubScoutBeat_aache320_ln_C3.wav,3.71429,3,Q6,0.56,1.0690449676497,7
4a/0204LullabyOfBroadway_sample_aache320_ln_C4.wav,3.5,4,Q3,0.492684951605447,0.94053994312596,8
0a/0103TooMarvellousForWords_aache320_ln_C0.wav,3.57143,0,Q4,0.395979797464467,0.755928946018454,4
2a/0601ConcertogrossoOp6No8Cminor_sample_aache320_ln_C2.wav,3.35714,2,Q2,0.636843175961893,1.21573927222163,1
4a/0302No6InGMinorLargoAffettuosoATempoGiustoMusetteLarghettoAllegroAllegro_sample_aache320_ln_C4.wav,4.21429,4,Q14,0.223055701908394,0.42581531362632,2
2a/A3LovingYou_aache320_ln_C2.wav,4.14286,2,Q13,0.575927345845209,1.09945041215655,1
1a/0201WhyShouldntIAllThroughTheNightWhatIsThisThingCalledLoveYouDoSomethingToMeBeginTheBeguineFinale_aache320_ln_C1.wav,3.42857,1,Q3,0.570667625208876,1.08940955880384,4
1a/0105TheresABaby_aache320_ln_C1.wav,3.42857,1,Q3,0.491152490811936,0.937614461876991,4
4a/0301Side3MyShipLaRositaRainyDayPolkaDotsAndMoonbeamsLesterLeapsInWho_sample_aache320_ln_C4.wav,3.42857,4,Q3,0.491152490811936,0.937614461876991,2
3a/10GloryBox_aache320_ln_C3.wav,3.28571,3,Q2,0.432381597843671,0.825420305855557,4
1a/A1AnthemoftheSovietUnion_aache320_ln_C1.wav,4,1,Q11,0.290569732131152,0.554700196225229,1
4a/EssereAmatoTheme_aache320_ln_C4.wav,4.28571,4,Q15,0.380445083472584,0.726273039202563,4
3a/APoltergeistViciousCirclesCarlCoxMmrMix_aache320_ln_C3.wav,4.21429,3,Q14,0.303264291945542,0.578934223521839,1
0a/0201Side2EveryTimeImWIthYouHaveYouMetMissJonesTheWildestGalInTownStarEyesLonelinessIsAWellTheSongIsYou_aache320_ln_C0.wav,4.28571,0,Q15,0.380445083472584,0.726273039202563,1
1a/12TheNameless_aache320_ln_C1.wav,4,1,Q11,0.459431086319726,0.877058019307029,1
1a/A3AnyoneWhoHadAHeart_aache320_ln_C1.wav,3.52941,1,Q4,0.448388888305352,0.943242218283799,4
4a/ToResent_aache320_ln_C4.wav,2.94118,4,Q1,0.393100531266063,0.826936230559385,8
4a/0102IGotItBadIGotItBadAndThatAintGoodIllNeverBeTheSameBeMyLoveMyManEverythingIHaveIsYoursDontBlameMe_aache320_ln_C4.wav,3.58824,4,Q4,0.378017044342115,0.795206225564457,8
0a/01LibraPresentsTaylorAnomalyCallingYourNameSolarstoneChilloutVersion_aache320_ln_C0.wav,3.58824,0,Q4,0.378017044342115,0.795206225564457,4
2a/02PariahPrimaryEvolution_aache320_ln_C2.wav,3.82353,2,Q8,0.38455384655423,0.808957208204416,4
0a/0103Tigertail_aache320_ln_C0.wav,3.52941,0,Q4,0.415698852935848,0.874474632195206,1
1a/A2DontLettheBluesMakeYouBad_aache320_ln_C1.wav,3.82353,1,Q8,0.38455384655423,0.808957208204416,4
0a/0104SomeonetoWatchOverMeAssunginStar_sample_aache320_ln_C0.wav,3.47059,0,Q3,0.415698852935848,0.874474632195206,2
3a/AquacodeDatabreaksInstrumental_aache320_ln_C3.wav,4,3,Q11,0.444667754356785,0.935414346693485,1
1a/0105LaGolondrina_aache320_ln_C1.wav,3.52941,1,Q4,0.341044599261037,0.717430053979439,4
3a/02PeshayVocalTune_aache320_ln_C3.wav,3.94118,3,Q11,0.355360336641741,0.747545001596402,1
2a/01BluMarTenSlipstream_aache320_ln_C2.wav,4.17647,2,Q14,0.38455384655423,0.808957208204416,1
3a/02RantoulChangeling_aache320_ln_C3.wav,4.05882,3,Q12,0.393100531266063,0.826936230559385,1
1a/0104ThisHeart_aache320_ln_C1.wav,3.76471,1,Q7,0.395208324023119,0.831370236770739,1
2a/07RatSalad_aache320_ln_C2.wav,4.05882,2,Q12,0.489151514514929,1.02899151085505,4
0a/03Confirmation_aache320_ln_C0.wav,3.94118,0,Q11,0.427522030432573,0.899346167730627,4
3a/AaNarcotikTwelveMiles_aache320_ln_C3.wav,3.35294,3,Q2,0.604607453651029,1.27186754767292,7
4a/0203DancingOnTheCeiling_aache320_ln_C4.wav,2.70588,4,Q1,0.551426586479847,1.159994928995,8
4a/06Kalopsia_aache320_ln_C4.wav,3.88235,4,Q9,0.407626262095774,0.857492925712544,2
2a/0101ThisCantBeLove_sample_aache320_ln_C2.wav,3.64706,2,Q5,0.333656475433365,0.701888209634219,4
2a/01GregPackerFeelin_aache320_ln_C2.wav,4,2,Q11,0.410927655994992,0.784464540552736,1
0a/0102EveryWomanBlues_sample_aache320_ln_C0.wav,2.64286,0,Q1,0.331755238785371,0.633323693776651,8
4a/PlanitaryGlow_aache320_ln_C4.wav,4.14286,4,Q13,0.575927345845209,1.09945041215655,5
3a/01ParallelWorldTearIntoIt_aache320_ln_C3.wav,4.21429,3,Q14,0.303264291945542,0.578934223521839,1
1a/A2ThePriceOfLove_aache320_ln_C1.wav,3.71429,1,Q6,0.478716231988462,0.913873533463375,1
2a/AaClangerSeadogOriginalMix_aache320_ln_C2.wav,4,2,Q11,0.581139464262303,1.10940039245046,1
3a/02LTJBukemOurWorld_aache320_ln_C3.wav,3.92857,3,Q10,0.522390952919657,0.997248963150875,1
0a/0201ComradesLittleAnnieRooneyAfterTheBallSilverThreadsAmongTheGoldInTheShadeOfTheOldAppleTreeDaisyBellTheMinersDreamOfHomeHoneysuckleAndTheBeeWhenIMarriedMariaIWouldntLeaveMyLittle_aache320_ln_C0.wav,3.35714,0,Q2,0.48652614760945,0.928782731664065,4
2a/04Goldfinger_aache320_ln_C2.wav,3.71429,2,Q6,0.380445083472584,0.726273039202563,1
3a/0202YouSteppedOutOfADream_aache320_ln_C3.wav,3.64286,3,Q5,0.48652614760945,0.928782731664065,4
4a/HotFace_aache320_ln_C4.wav,3.78571,4,Q7,0.42,0.801783725737273,2
4a/02BigBudBlunt_aache320_ln_C4.wav,3.64286,4,Q5,0.48652614760945,0.928782731664065,2
0a/0104MapleLeafRag_sample_aache320_ln_C0.wav,3.5,0,Q3,0.447798031397054,0.85485041426511,2
3a/06HelloDollyHelloDolly_aache320_ln_C3.wav,3.85714,3,Q9,0.452820222435078,0.864437821507566,7
0a/0205Soon_aache320_ln_C0.wav,3.78571,0,Q7,0.467563241300452,0.892582375303981,2
1a/0403OldTimersNightAtThePops_sample_aache320_ln_C1.wav,3.64286,1,Q5,0.48652614760945,0.928782731664065,4
2a/02NuMoonLikeThis_aache320_ln_C2.wav,4.14286,2,Q13,0.28,0.534522483824849,1
4a/0204LazyDay_sample_aache320_ln_C4.wav,3,4,Q1,0.581139464262303,1.10940039245046,8
1a/0203SongIsYou_aache320_ln_C1.wav,3.78571,1,Q7,0.366312182959583,0.699293206753068,1
1a/0105CoolPipes_aache320_ln_C1.wav,3.35714,1,Q2,0.566690798882831,1.08181776206978,1
0a/0104HimmelHochDaKommIchHer_sample_aache320_ln_C0.wav,2.73333,0,Q1,0.486409064243028,0.961150104723255,4
1a/0106ThePortugueseWasherwomenLesLavandieresDuPortugal_aache320_ln_C1.wav,3.73333,1,Q7,0.486409064243028,0.961150104723255,1
2a/A2SolQuantensprung2_aache320_ln_C2.wav,3.93333,2,Q10,0.404252946117211,0.79880863671798,1
2a/AHowDoYouStopSpecialExtendedRemix_aache320_ln_C2.wav,4.2,2,Q14,0.342165651890036,0.676123403782813,1
4a/IWillBeForYou_aache320_ln_C4.wav,4,4,Q11,0.382552828595825,0.755928946018454,2
4a/0501SymphonieNr2CmollAuferstehungssymphonie4UrlichtAltsoloAusDesKnabenWunderhornSehrFeierlichAberSchlichtAttacca_aache320_ln_C4.wav,2.53333,4,Q1,0.501226939064975,0.990430401872025,2
3a/B6Sylvie_aache320_ln_C3.wav,2.53333,3,Q1,0.421965770070406,0.833809387832792,4
1a/0802VertVert_sample_aache320_ln_C1.wav,3.8,1,Q8,0.476274430694461,0.94112394811432,1
0a/0202ConcertoNo5InAmoll_sample_aache320_ln_C0.wav,3.73333,0,Q7,0.447221545893208,0.883715101688537,4
1a/a1bullet_for_my_valentinescream_aim_fire_aache320_ln_C1.wav,3.66667,1,Q5,0.413204280928668,0.816496580927726,1
2a/AintNoRestfortheWicked_aache320_ln_C2.wav,4.13333,2,Q13,0.463294482783659,0.915475416434127,1
3a/10BosomBuddies_aache320_ln_C3.wav,3.73333,3,Q7,0.404252946117211,0.79880863671798,7
1a/01TensionRunningAway_aache320_ln_C1.wav,4,1,Q11,0.331300467853578,0.654653670707977,1
0a/0201JumpingWithSymphonySid_sample_aache320_ln_C0.wav,3.73333,0,Q7,0.404252946117211,0.79880863671798,2
4a/0101AirTyrolian_aache320_ln_C4.wav,4,4,Q11,0.427707064862545,0.845154254728516,3
3a/NovemberHasCome_aache320_ln_C3.wav,3.6,3,Q5,0.372866374634846,0.736788397613007,1
3a/NeverGonnaBeTheSame_aache320_ln_C3.wav,3.46667,3,Q3,0.569562795289315,1.12546286774228,4
0a/0204Collaboration_aache320_ln_C0.wav,3.53333,0,Q4,0.376122911352718,0.743223352957206,4
4a/PopeFrancis_aache320_ln_C4.wav,4.06667,4,Q12,0.556567256592688,1.09978352848359,8
2a/01LTJBukemDemonsTheme_aache320_ln_C2.wav,3.66667,2,Q5,0.49387357806539,0.975900072948533,1
2a/02AquariusTaylaSoulSearching_aache320_ln_C2.wav,4.22222,2,Q14,0.435555555555556,0.942809041582063,1
3a/0304SympohonicCDurHobI82LOursFinale_sample_aache320_ln_C3.wav,4.38889,3,Q15,0.35920714758049,0.777544316035229,4
1a/02AkiraYellowRiver_aache320_ln_C1.wav,3.72222,1,Q6,0.470206617233681,1.01781516613691,1
1a/02LTJBukemPeshay195Reprisal_aache320_ln_C1.wav,3.72222,1,Q6,0.41337303906555,0.894792486988599,1
3a/0201Serenata_aache320_ln_C3.wav,3.66667,3,Q5,0.448182969172423,0.970142500145332,5
3a/DeltaphoenixMagneticWaves_aache320_ln_C3.wav,3.55556,3,Q4,0.530823068444409,1.14902629992028,2
1a/0105EbbTide_aache320_ln_C1.wav,3.66667,1,Q5,0.54890979293898,1.18817705157201,1
4a/0403SymophonicGMollHobI83LaPouleMenuett_sample_aache320_ln_C4.wav,4.05556,4,Q12,0.335098160322556,0.725357698552702,1
2a/A3HeavenHaveMercy_aache320_ln_C2.wav,3.88889,2,Q10,0.312480645733267,0.676399541594523,4
3a/08AintGotTime_aache320_ln_C3.wav,4.22222,3,Q14,0.298788646114949,0.646761666763554,7
0a/0205MedleyMairzyDoatsElmersTuneIWonderIWonderIWonder_aache320_ln_C0.wav,4.22222,0,Q14,0.298788646114949,0.646761666763554,1
4a/0202Teru_sample_aache320_ln_C4.wav,3.66667,4,Q5,0.501083792713615,1.08465228909328,8
0a/0101InOtherWords_aache320_ln_C0.wav,3.44444,0,Q3,0.481202801871192,1.04161764590537,4
0a/0204PreludeToAKiss_aache320_ln_C0.wav,3.66667,0,Q5,0.448182969172423,0.970142500145332,4
4a/A5WishICouldHideaway_aache320_ln_C4.wav,4.16667,4,Q14,0.396141520892677,0.857492925712544,4
2a/OyeComoVa_aache320_ln_C2.wav,4.05556,2,Q12,0.335098160322556,0.725357698552702,4
0a/0203MemphisBlues_sample_aache320_ln_C0.wav,3.83333,0,Q8,0.326666666666667,0.707106781186548,4
1a/0203Butterfly_aache320_ln_C1.wav,4.16667,1,Q14,0.326666666666667,0.707106781186548,1
2a/Aa1ArtOfTranceSeaOfTranquility_aache320_ln_C2.wav,3.94444,2,Q11,0.37067408026943,0.802365782965103,1
4a/1202SymphonieNr4Gdur4SehrBehaglichWirGenießenDieHimmlischenFreudenSopransoloAusDesKnabenWunderhorn_aache320_ln_C4.wav,3.83333,4,Q8,0.285661713183767,0.618346942400842,2
3a/B2RelativityCarlCraigUrbanAffairDub_aache320_ln_C3.wav,4.26667,3,Q15,0.356137301862326,0.703731550548997,1
2a/ARougeRetroPianoOriginalMix_aache320_ln_C2.wav,4.33333,2,Q15,0.366266448246507,0.723746864455746,1
1a/11SummerLoveMoonlightSerenade_aache320_ln_C1.wav,4.13333,1,Q13,0.323854562694086,0.639940473422184,4
3a/02JLazeFutureEchoez_aache320_ln_C3.wav,4.46667,3,Q15,0.323854562694086,0.639940473422184,4
3a/05StrangeFruit_aache320_ln_C3.wav,3.86667,3,Q9,0.323854562694086,0.639940473422184,1
1a/01TheresaMeetinHereTonight_aache320_ln_C1.wav,4.26667,1,Q15,0.300411569536047,0.593616839704664,4
1a/01axwell_and_sebastian_ingrosso_vs_salem_al_fakir__its_true_original_mixume_aache320_ln_C1.wav,4,1,Q11,0.427707064862545,0.845154254728516,1
4a/0103ThouSwell_aache320_ln_C4.wav,3.26667,4,Q2,0.588518290096219,1.16291915126588,8
2a/02IntersperseNewFieldsOfEmotion_aache320_ln_C2.wav,4.2,2,Q14,0.392,0.774596669241483,1
4a/2101SymphonieNr7EmollLiedDerNachtZweiteAbteilung4NachtmusikAndanteAmoroso_aache320_ln_C4.wav,3.73333,4,Q7,0.486409064243028,0.961150104723255,4
2a/06ImBeginningToSeetheLight_aache320_ln_C2.wav,4.2,2,Q14,0.283708770866652,0.560611910581388,4
1a/0103SongOfIndia_aache320_ln_C1.wav,3.8,1,Q8,0.476274430694461,0.94112394811432,1
4a/A6GottwiegrossistdeineGüte_aache320_ln_C4.wav,3.8,4,Q8,0.392,0.774596669241483,8
0a/0202ConcertoNo4InAMinorILarghettoAffettuosoIIAllegroIIILargoEPianoIVAllegro_sample_aache320_ln_C0.wav,4.13333,0,Q13,0.323854562694086,0.639940473422184,2
3a/ComfortMe2_aache320_ln_C3.wav,4.2,3,Q14,0.342165651890036,0.676123403782813,7
0a/0302Barcarolle_sample_aache320_ln_C0.wav,4,0,Q11,0.468529614859082,0.925820099772551,4
0a/03HowMuchIsThatDoggieIntheWindow_aache320_ln_C0.wav,4.06667,0,Q12,0.356137301862326,0.703731550548997,1
4a/ArthurComesToSophie_aache320_ln_C4.wav,3.8,4,Q8,0.6108878784196,1.20712172424443,2
2a/B1Abilene_aache320_ln_C2.wav,4.06667,2,Q12,0.130666666666667,0.258198889747161,1
0a/0201Concerto3InCMajor_aache320_ln_C0.wav,4.4,0,Q15,0.256624238917527,0.50709255283711,4
3a/AaUnionJackMorningGlory_aache320_ln_C3.wav,3.82353,3,Q8,0.482309897649055,1.01459931239178,1
1a/07AveMaria_aache320_ln_C1.wav,3.23529,1,Q2,0.395208324023119,0.831370236770739,4
3a/ApparentlyNothinLargeProfessorVocalMix_aache320_ln_C3.wav,3.82353,3,Q8,0.251277703804109,0.528594139870924,4
4a/0105CanzonInThe12thToneVenice1597_sample_aache320_ln_C4.wav,3.64706,4,Q5,0.333656475433365,0.701888209634219,2
1a/0303ConcertoNo9InEmoll_sample_aache320_ln_C1.wav,3.70588,1,Q6,0.366863635886197,0.77174363314129,4
1a/ALibraPresentsTaylorAnomalyCallingYourNameMoogwaiMix_aache320_ln_C1.wav,3.70588,1,Q6,0.366863635886197,0.77174363314129,1
3a/06FindaWayOut_aache320_ln_C3.wav,3.41176,3,Q2,0.293943477842408,0.618346942400842,7
4a/Ambients_aache320_ln_C4.wav,3.29412,4,Q2,0.551426586479847,1.159994928995,4
4a/0101HesMyGuyNobodyKnowsBetterThanIHesMyGuyJimNeverLeaveMeTroubleInMindAddressUnknownDreamDreamDream_aache320_ln_C4.wav,3.52941,4,Q4,0.341044599261037,0.717430053979439,8
0a/0302CantTakeThatAwayFromMe_sample_aache320_ln_C0.wav,3.52941,0,Q4,0.478852434450571,1.00732610526728,1
3a/08MorePrettyGirls_aache320_ln_C3.wav,3.88235,3,Q9,0.331157140800427,0.696630546019236,7
2a/05B1Stargazer_aache320_ln_C2.wav,3.47059,2,Q3,0.448388888305352,0.943242218283799,1
0a/0202Nos6170PolovetsianDanceNo2toRhapsodyonaThemeofPaganini_aache320_ln_C0.wav,3.41176,0,Q2,0.413695473309388,0.870260272089029,4
2a/B1IllNeverbeMariaMagdalena_aache320_ln_C2.wav,3.88235,2,Q9,0.371365198593842,0.781213234429025,1
2a/0104AesopsFables_aache320_ln_C2.wav,3.52941,2,Q4,0.415698852935848,0.874474632195206,4
4a/TheMightyRioGrande_aache320_ln_C4.wav,3.47059,4,Q3,0.415698852935848,0.874474632195206,3
0a/0106LookingThroughATear_aache320_ln_C0.wav,3.47059,0,Q3,0.341044599261037,0.717430053979439,1
2a/AWOL_aache320_ln_C2.wav,3.05882,2,Q1,0.59351279636278,1.2485285456936,1
1a/11Frogs_aache320_ln_C1.wav,3.52941,1,Q4,0.415698852935848,0.874474632195206,1
0a/0108MyHeartBelongsToDaddy_sample_aache320_ln_C0.wav,3.52941,0,Q4,0.341044599261037,0.717430053979439,2
